81646675
98352553
47529254
97073508
97440840
79337533
54112832
80864807
100547110
81645488
73384338
48191782
97073502
80216918
97965340
90720585
90380858
49511714
96875112
73353332
81398908
97073503
81381364
99990008
88594218
62232849
72807586
90517429
45274437
87625629
86542715
99337834
94359496
81606842
71584281
97694306
87625132
51052410
60232953
52288519
80596864
60232954
50727531
79405189
79324692
79219313
93251365
43573130
79335108
79403973
29654090
79324978
49990424
79403820
60232955
79214921
78584552
80602363
79406724
93135087
55697704
95468798
95971561
79333825
27263605
39191027
79330461
54863226
37583355
80128308
36362233
98569308
46608385
37685473
93486448
79247779
43842828
65568162
65837785
65567386
63880072
65567369
65567399
37291839
66743856
85005376
65567366
30574546
82685437
74881565
49922287
88352047
74881563
44274974
58501780
16632171
94851338
59674696
84530962
94154319
23107296
91374814
78891275
79866890
90097084
65888817
50770015
82101975
44797656
74881580
48101073
90291725
57593094
58354518
95619811
90291720
95078998
91557468
50342206
98418321
94886972
54623700
50342203
54623699
105171456
99993884
95335239
99993881
92121861
95151549
98839470
61572109
100049456
95335240
99758950
50342202
15132053
50835952
98839480
34256896
97980018
99572396
92122154
94413128
98039863
50342205
99066835
98474714
96344270
99205211
16820090
98730400
94362854
96379673
98858223
96779489
47076453
97702206
56143100
14703978
38574181
37685460
52400018
48002077
82976877
39190517
79341393
36486633
37555619
48002078
37685463
96077277
36928337
79615063
90340622
72549850
61629233
80601832
78593496
98259659
48002084
39959083
79338726
96147142
46281804
37685470
80802270
36928328
79614163
37685471
79340927
39045192
79621164
37685462
47076452
35975605
52929962
81647706
66250870
50635441
102960718
60793361
96229927
12203158
74169897
43291044
97934697
59944543
104291586
35133161
74581055
39380947
39823776
94072746
90623528
45286684
65567365
94117586
64094645
75773581
53514212
90623527
35133162
90783360
76324248
65730905
73644775
45049224
74442656
75773582
50554753
96229925
50554748
98484339
46025954
95852336
95147286
90623524
94120579
96994915
97377774
97745666
95616140
96812249
86807424
73718771
73374862
96689778
71584289
99648929
73374872
97847419
96656667
81726765
96611054
98025933
98371175
98027521
82139318
96685108
95704049
96878463
102424987
100816835
98082135
97522054
98809375
93373550
51313355
98016186
94433413
97691588
81726768
83452575
99209122
97745725
86807427
81555028
100960961
98875880
97065737
98507023
96989856
96514530
98512198
98831285
85005370
21458150
62425552
97384644
78759222
81023035
98876273
100742059
21262351
98187323
63490286
63583587
63771983
91714422
85685136
91411370
102763369
74740341
62425551
34251822
98182090
98371180
45076800
96800817
78968337
78759223
53088226
78759221
51838964
95339184
80802265
100764474
97476065
45274457
57435700
65742748
80802266
81413569
57266436
94112061
97739002
9678400
72740108
95440830
79950786
55360114
97384645
97194560
55705779
97450342
98082134
83616934
92984319
93808882
88634080
98182093
97073506
91539693
52784347
99205207
86208930
99376647
85742631
96994862
93379206
42073690
71584287
98259660
68904689
70788123
85705729
74171950
55706389
96722833
89437283
57329885
101400461
70785739
99055090
69415936
86208934
74879109
55360116
98839484
98263837
88093746
70519257
86096320
96452457
90771477
73232305
80949773
91809752
73384343
73384346
73511819
97073505
100764465
101640238
101400465
97653039
103271037
97440957
104770521
98507022
100528911
74844060
56845063
98417628
97520477
102749612
102154429
104291585
99650848
73887810
100756496
83450934
104384814
99359592
98939585
96611046
101641784
96453274
74868564
55027322
91539694
96694376
103271041
102326743
77596965
93241543
72739101
104782318
97438457
102154428
96862507
96408659
54427900
29823704
74868568
43769496
43544417
23584179
29611723
65732449
31162436
57642861
46269109
43374097
56919017
47101765
39694786
30860774
43769495
57170606
23861611
43544413
58374472
93381334
60466004
84723879
30031422
81907783
60693494
59586518
65603992
94790357
57965712
87316414
43544434
23861621
70785761
93419026
55027329
43374077
28461665
23843468
23646319
71966870
46766999
55881249
77891773
58363848
29654104
61755835
84764782
62232832
85460888
47112995
85991354
36505311
92608858
92651370
102457081
98839218
105477665
100436265
56713815
98858222
94492180
81021702
31232182
102457078
50720902
96229596
36505310
44958286
93445482
55986181
99807484
94492169
98939626
92608863
93620995
83032997
105477157
92608861
68373674
30803510
49247096
68098385
95339185
98028678
93291557
30515823
95758580
1982099
64110969
99337833
98263824
93291550
67964340
50699217
17698179
75773899
96864033
48679524
39694816
15295512
75858770
49353755
44009741
24548556
79675116
15466143
39694818
43413506
76418756
38175448
58285604
95137449
38039694
80868814
15376925
92922001
2119788
81399327
92921996
24282718
80868797
72376351
75773583
95463991
80927262
38180836
15794056
2295518
49989991
65603573
89690084
93486490
56207744
24314821
48343744
40076837
82998580
80868799
29339086
54750074
95986962
91902494
103475515
98839215
69924460
96276742
91191238
94103929
96476494
75779287
50708999
90299280
56844353
57063244
66308958
94055375
63951365
94211850
93445480
83683060
95758713
76507149
86435506
61926180
61700024
96230286
56207784
77352908
93024481
97674399
27531319
102115793
99114925
56786523
98353519
93462980
20117037
93135133
83683061
104774768
47464518
92745077
82630536
102151661
15872880
45274431
50562241
96177943
69606327
78869130
26633326
55792859
96177942
46552961
64396275
77958997
86472456
35756489
56636885
78868941
28626548
100742058
93135123
79135279
28644829
84044073
86585230
58694763
17940530
94719155
93411155
78869123
87546408
61254821
57088184
49105685
32204080
88569382
32968329
60654757
13559329
96981739
98940680
85281584
37502093
51614235
103393514
29080273
35975578
21325131
35975584
83779231
104105433
76335933
92679340
47657069
61357442
104105924
86650243
104723720
51731841
76892150
41802261
57920473
47657068
61254189
97965680
72382399
39926602
92946080
97965395
39156897
76892009
11042197
104728693
85885334
48065367
50438694
42924996
97792033
70359621
96865798
56288043
62232853
86713971
92679339
95060637
55625952
50554783
60752461
60581428
57276009
70359619
18875636
51854074
23286185
94103927
56920809
47973530
86063736
23315775
23287294
44402253
73937401
23287308
47977064
82249489
37585672
19992201
94761522
41110768
75860404
44402250
56830204
99750282
78221777
18875777
23287762
26291243
55002102
30113336
47960541
49558184
48302833
78096134
7357319
55002103
347413
50203025
87635204
39959910
872564
37848977
51038111
51038105
96864449
88524648
73273252
55697878
55903023
17999614
23563505
55697876
32203496
46533299
92195068
50749605
50749603
9612133
13988487
14011271
92247043
85991279
98839489
48790862
50747301
105437642
87548890
69423658
96507275
77733525
97051584
55247262
70606068
26881706
86109860
24690722
55697879
47841262
32968896
32622113
70606067
86108953
96715798
47742660
86109751
97042778
14061304
83766630
15872062
10278511
62416200
14121019
69605760
58895624
56266486
77972364
59126649
44276097
63271596
38020535
26861817
45255997
83661087
84142393
38039660
56266491
64917782
48115186
35407710
86652377
53793107
25983344
70539555
105183982
56298147
56266492
56266488
32625872
91637434
56266485
96742978
60158861
60838701
84514634
92825893
14330222
56266481
36518158
56207817
90414101
14121652
26291258
26179715
77958660
79135306
23316073
55625957
32693267
92839982
70300932
55625959
55943915
73914005
28217860
69669203
56039053
71211405
72763279
73914010
61616861
56035814
77541537
55625962
77010300
100547086
56123235
25638263
48330812
60752450
91539723
78716045
71218913
233708
56266479
61767158
69420134
69872534
77010442
86652217
60898429
94205493
1105244
21262624
73374868
16383718
56844797
54569090
21509067
96367447
93024410
101207297
45033962
89042015
47822656
101909264
51230986
16477812
70606070
71872729
84445486
86775189
89097080
92949095
34935201
55888396
16740352
55888393
88966449
33396653
60707577
61074870
48283133
76283722
100407641
92949096
51503841
67493002
18034470
47124984
39385770
50174041
93897662
92949104
23107242
86038671
77313248
6045423
23725823
47700933
55697874
23107241
41209854
69423845
86042016
87097907
86051082
26660691
77312200
44020976
47657004
104878226
78758747
84804565
32203492
102722824
86476505
105094605
104715635
86037764
86043184
77980270
52241646
93135122
44402192
32968897
26660696
35799227
20301373
36351408
32203933
17000843
75271759
76075693
26064000
51363967
8742809
6652162
8374597
82830782
83837601
83245235
64637290
43545610
105251734
32622111
63281519
62507922
25182448
37502089
79675130
37502090
47103386
51575405
62507512
40329398
40329399
36410065
35190655
79675131
89848374
27974652
5691877
75271755
85991251
26912496
85991260
62536726
43921115
95283867
14184550
39019863
48037040
63604739
50562216
32969314
94823130
54853325
71595125
92715890
30326978
54853220
35870233
93923510
92050566
16660994
88581102
50602118
57722066
72832171
95782165
95350042
66746932
50765548
29263346
5685644
101299217
93542913
53849886
50633258
47593098
14356150
94471700
48511805
219220
1586598
57164389
84857274
55081732
7580262
35870232
95782166
102427521
99062946
29265085
74158555
70361447
57164407
71299240
93450700
31934074
51681254
56035918
88581563
44071473
82470582
61164452
136752
44634193
10168639
42924982
27550107
44441639
703593
37946418
102725694
26281723
9083967
26059794
95936692
37381262
46086595
59887439
104658
29082958
47464876
54853320
51018042
37473073
50554848
244724
13088602
82976876
45313721
47876231
83172213
96168330
77325517
56288424
95829332
53088199
95829333
96168331
51853629
73914008
96779518
83791043
58155727
93439165
98783490
53894959
91691584
97571150
48612133
95829015
505260
54853429
44958017
58691988
86033916
77325515
75266060
96506477
103108667
39361792
64919263
56435695
58155730
50248087
58259174
79326502
89773663
50602143
90356445
52426880
90623910
86442427
28116050
29267915
44441642
24173687
18757219
84880197
49559807
50727511
39959086
71219018
50727512
91804841
70606181
12130511
47465205
47882235
87705529
95464503
70947761
77277594
91804835
17535764
70596467
51503842
48891587
35947674
36925179
74946911
74562307
9654210
60717571
19293334
52599799
40742692
35615236
48891589
32970040
51368216
49881596
75376644
93545630
36351481
41769977
78222438
26081757
93243216
87128492
57176149
37210624
51131176
50284776
274415
37016615
67670357
233952
88398715
34665634
31189626
96828689
58150249
15318100
1250954
103651885
79798754
37163360
12846273
89678122
32970045
13314624
51368215
50625334
85210740
53830214
93450725
50625335
51130460
88754541
37016614
87598973
47044569
86467784
96964384
88072703
85308957
96861968
83815637
97529509
86784525
58189690
97535119
99104992
102459796
103356025
99709400
96134834
52404834
93524488
97847836
92321420
104835521
99146304
103656767
101354105
96961305
85005812
84507181
92125650
84716028
93500863
96862643
94071098
93410487
87934734
103013246
85933424
97074025
87329790
93410503
91616444
99497015
93450343
96815831
96815834
96862654
52874995
95081234
95916904
68305886
91492431
95916896
96815836
88308282
67590377
40778582
104572148
66893958
96798189
99347332
65147308
92273243
87009101
51499287
90448370
83444023
52544281
44802850
48630208
93241086
95401142
71889526
73898308
99275839
51581716
56643040
91737450
52408496
62139041
32549235
73813858
62139042
84142446
92035
44279952
92501080
92595309
91869341
47666191
82915592
83906746
91651030
47666189
83906747
77854719
82915595
70341824
95363927
72789569
76272538
94072752
97065448
38914354
51186209
37586261
37588133
94072748
47484912
55297925
47484913
96207409
95783471
95309955
71566172
76826996
44279953
84132992
82495522
56203299
84142443
86785027
95948025
56203303
83906745
84142415
56203300
59636254
71566173
98318687
72036129
48212155
72038341
40546570
94355889
38687738
38687745
44686206
97965499
41457857
90606817
96591355
50980638
90579211
94100524
90378880
43759008
49880987
13008310
65841929
73525682
9107148
40810419
53618418
47293511
35327073
35543181
6486505
72673061
27242962
47293503
5647669
7842629
24738956
8528840
43987506
30542180
47562013
39236125
14659147
51791053
101303422
82472597
81810932
96065767
45281564
81810931
66186285
86479176
79494010
95144467
84447239
79324882
88529278
40547898
73800365
71215012
96682730
51799747
44138953
95089885
51799744
51799748
54750058
97791956
23273748
15872770
42250221
44610798
26325487
34615712
37474346
98820659
87635225
93231090
74097163
98230166
98230164
55047335
41150364
48616770
54750101
44279420
54428183
98169283
63450656
72343577
83747398
39236127
99168146
80953812
100441353
26632920
23195069
93239770
84415056
66432069
68109348
83477950
85005822
31218546
39699033
26566573
24264674
35379656
35379652
46751147
15455216
3298667
33113141
16201248
47506230
30976769
34237547
55242508
30200879
30025670
14612791
48111326
49569215
52043854
45771024
87125038
59606137
71151086
66429057
64961008
76032862
91934133
47184267
52177631
94287793
76032859
43766894
43168770
46053168
49525256
56321908
45771023
94287797
47154511
78720430
60894912
46053166
52043852
76681003
101232826
92744823
92747383
92048064
92744997
98735738
93476778
93545390
92032790
93620486
93546565
92747382
96142064
94162475
104776907
104776909
82622342
93573383
92244226
94438645
92032789
92703132
92796372
92703445
92796373
94707247
83154096
95247259
92977800
93044490
94065417
93171674
93806138
94669226
92244223
94162478
95694362
96410994
94316018
91934366
93043552
94061736
94061735
89650906
89651258
100012787
94317467
94985802
60248056
93805906
91148842
11380153
81812965
96610888
60248058
98815791
76130078
96610889
93171654
85879685
87556983
93231508
52069840
65972
47074782
92122136
61132857
85511726
46368963
100041678
96493350
28765808
64646355
56928260
59019437
69222994
47154493
86096045
95338807
48611584
67676118
79785403
42636099
80448013
43736884
33217913
95308230
53288965
73880390
92120767
73914616
69222995
76289350
44277414
98817423
44343650
60889927
88590413
44805366
32120711
62878853
31145991
37957989
53288966
38015412
37685792
44805342
34237543
26634351
25152303
47365752
92167283
47154491
31289907
30390154
43518695
87635222
79497676
79345438
92374795
60221271
86555449
27623526
57604412
47867881
4376119
43002046
75375454
78736271
53726025
46596677
63099211
31264376
48037286
71299205
78803054
47611930
70169085
87644960
71299209
43766956
31474546
52426091
86339307
70169083
33061578
56272728
70169084
91184998
83598930
96872018
78296943
95962038
75575577
50536784
99893762
101582967
87333107
83935002
92811596
88448656
26555199
30638217
48072001
56895156
93523359
71509526
43008136
33034489
56046330
86164520
36328821
67122486
97799191
94882813
97586299
94882809
90216663
93700233
96668736
98019109
96668767
85615932
98018289
100436041
85850972
98019113
98018351
97065429
92918433
98019123
90356848
93700230
101581867
85615943
98018313
93700228
97591176
97065427
79324885
92918437
98018322
90677526
83413285
98016034
83660422
86555458
100883166
76890500
96815833
68615279
96219453
86660346
92450840
85575530
96816001
90374282
68615280
96832992
96832995
94439152
97693170
85575525
87933306
93341740
85560949
96833031
85283812
93524693
96833029
80219702
90439351
73992180
96833017
69393043
41019919
101946688
95623813
90234108
47153212
80901099
74775413
58223620
46620778
90918320
86409256
76328362
36495005
78450378
36087754
100475974
75719926
71501985
71176722
89275380
69393044
93011930
85440512