98352553
97440840
47529254
81646675
97073508
79337533
48191782
54112832
100547110
94359496
87625629
81381364
97965340
73353332
81645488
49511714
96779490
72473936
88594218
80864807
97073503
90380858
90517429
86468608
47529256
97073502
81606842
90720585
80216918
96875112
73384338
99337834
81398908
99990008
47592672
72807586
45274437
62232849
51052410
60232953
79324692
79219313
50727531
79403973
80596864
78584552
79405189
93251365
79406724
49990424
43573130
79335108
80602363
55697704
78870072
79333825
79214921
95468798
98569308
79247779
60232954
44609292
27263605
37583355
29654090
98762561
79330461
52288519
79403820
93135087
60232955
95971561
79340358
79218991
43650027
46608384
81615312
79216760
39191027
43842828
65568162
65567386
63880072
65567369
74881565
85005376
91374814
65567366
57073994
65837785
37291839
74880155
65567399
15024152
30574546
95078998
74881563
50770015
49922287
66743856
44274974
16632171
48101073
94154319
82101975
27860257
90097084
88352047
44797656
48002050
90291725
24029621
84530962
23107296
78891275
74881580
94851338
91557468
37291841
91557522
79866892
40092460
58501780
58354518
10248153
65888817
59674696
90544673
50342206
54623700
54623699
98418321
50342205
94886972
61572109
100049456
95335240
98839470
99758950
99572396
99993884
50342202
99993881
97980018
34256896
92122154
95151549
50342207
105171456
99066835
50835951
96344270
99758945
92121861
95335239
15132053
50835952
98039863
16820090
62069257
40915746
94413128
98839480
98474714
99205211
23778677
90344184
94362854
47076453
52400018
38574181
56143100
39190517
37685460
14703978
82976877
97702206
37685463
79615991
98259659
72549850
96077277
33492350
36928337
36486633
79338726
80601832
78593496
48002077
79341393
37685470
48002084
91067462
37685464
80802270
46281804
81413603
79614163
31934555
79340927
35975605
79621164
39045191
81647706
81643796
43065231
37555619
68391831
39959083
68391832
51364607
66250870
102960718
104291586
60793361
35133161
50635441
39823776
96229927
59944543
53514212
43291044
94072746
39380947
74169897
74581055
12203158
50481960
94117586
65567365
45286684
36146608
73644775
90623528
96229925
65730905
90623527
35133162
64094645
98484339
68292590
75773581
45049224
79619924
50554748
74581056
23198631
88570697
33184061
50554753
92497655
74442656
78759222
98831285
85005370
62425552
91411370
95673392
98187323
21458150
81023035
98182090
97384644
63771983
63490286
62425551
21457979
45076800
98371180
57435700
74740341
62425553
21262351
93445485
63490289
51124445
78968337
85685136
100764474
63583587
9678400
81099827
50064249
78759223
93445483
53088226
72740108
65742748
96408466
97514890
52344012
96800817
79950786
96693065
45274457
80608458
102763369
81413569
65732694
74939416
57266436
78425895
78759221
102326738
94120579
96689778
95723647
95616140
62232671
73374862
98809375
96812249
73718771
86807424
100960961
82139318
63059722
64118895
94433413
97847419
99209122
96994915
97745725
96878463
55764509
97745666
71584289
73374872
104384819
86807427
102424987
98352435
51313355
96989856
81726765
99648929
98839210
96656667
95704049
72458634
98352437
96611054
83452575
94120592
96514530
98016186
97522054
97691588
98082136
98082135
55795561
91539636
98352436
96492696
97065737
55360114
99205207
55705779
97384645
83616934
97450342
91539693
99376647
93808882
92984319
96994862
74171950
70785739
97194560
58114023
93379206
98082134
97073506
96452457
86208930
52784347
71584287
99055090
57329885
98259660
89437283
42073690
98182093
68904689
97958473
70788123
98263837
69415936
74879109
85705729
55706389
92978741
61767163
70519257
85742631
82675275
98839468
86807421
85742591
87355734
55360116
29823704
74868568
43544417
43374097
23584179
43769496
29611723
56919017
46269109
65732449
81907783
43544413
30860774
43769495
31162436
93419026
57642861
93381334
60693494
94790357
58363848
43374074
85460888
47101765
61755835
50769101
29654105
80220482
65603992
30031422
23646319
23843468
43544434
56919015
84723879
57853942
59918752
23560035
61655805
26788941
28461665
43544414
58374472
84764782
71966870
39694786
48003282
71053378
29823705
87316414
73384346
73384343
80949773
73232305
73511819
101400465
100764465
91809752
97438457
97073505
103271037
98417628
98507022
97520477
56845063
74868564
102154428
100528911
100974839
97653039
59531860
103108665
102154429
104291585
86343362
99991708
73887810
77596965
91539694
101641784
102749612
104384814
102426609
102326743
72739101
83450934
103108661
97440957
103271041
104770521
55027322
75773423
99650848
96862507
98263823
54427900
41460999
93241543
98939585
91386001
104782318
98839218
85991354
36505311
31232182
92608858
92651370
100436265
98858222
81021702
102457081
56713815
94492180
55986181
99807484
92608861
102457078
92608863
50699217
103649696
96229596
95778460
105477157
94492169
93445482
68098385
97739001
30803510
68373674
93291557
67964340
105477665
51838959
98263824
95339185
82656089
98939626
42925104
98839216
1982099
98028678
50720902
86343351
36505310
92878256
97216850
83032997
95758580
49247096
89751127
96008217
96492719
17698179
75773899
96864033
76418756
48679524
39694816
44009741
49353755
15295512
79675116
39694818
15466143
75858770
38175448
24977109
15376925
24548556
2119788
58285604
43413506
81399327
92922001
80868797
80868814
5140592
18021542
15794056
95463991
65603573
24282718
29339086
72376351
93486490
80927262
80868799
95137449
75773583
47109914
18021541
40076837
95986962
2295518
47672463
92921996
95463990
82998580
24029620
24314821
48343744
56207744
91902494
103475515
98839215
75779287
66308958
69924460
96276742
91191238
96476494
92744442
94055375
90299280
75779420
102151661
61700024
102115793
63951365
61926180
83683060
56786523
95758713
94103929
93445480
77352908
39140676
76507149
93462980
57063244
86435506
27531319
96356640
93024481
56844353
94442280
80935183
83683061
84478493
82630536
99114925
56207784
92745077
93135133
50708999
95390765
77625831
20117037
98353519
101794215
45274431
15872880
78869130
96177943
50562241
26633326
69606327
55792859
64396275
80429513
46552961
96177942
56636885
87546408
58694763
79135279
88569382
93135123
77958997
100742058
29080273
35756489
28644829
28626548
32968329
32204080
98569695
78869123
86472456
17940530
20036459
96981739
98940680
85281584
93411155
96177944
83037146
1401790
84044073
52091301
13559329
35975578
96229600
49105685
21325131
86585230
51614235
44612354
76335933
48065367
83779231
51731841
104105433
97965680
61357442
86650243
92679340
41802261
76892150
39156897
50438694
47657069
104105924
97965395
104723362
79135230
76892009
61254189
39926602
72382399
60752461
56288043
57920473
65392894
55625952
43522564
67523116
97792033
47657068
104878857
96865798
36305669
92946080
22988539
70359621
104728693
97379358
42924996
62232853
95344311
104723720
76892949
92679339
50437648
60581428
18875636
23286185
86063736
88524648
56920809
51854074
39959910
47973530
44402253
44402250
23287308
50543718
37585672
23315775
87001058
56830204
73937401
94103927
26291243
82249489
85245182
23287294
19992201
99750282
7357319
94761522
87635204
49552361
47977064
55002103
78096134
94719150
86335314
55002102
77654904
56922804
30113336
49558184
347413
40978995
82249490
78221777
37848977
86374685
72462360
51038105
872564
48302833
18875777
73273252
55697878
17999614
46533299
55903023
55697876
23563505
50749605
9612133
32203496
101876005
96507275
28616577
92195068
86109860
24690722
98839489
92247043
50749603
14011271
32622113
81383881
8926042
13988487
96715798
97051584
86109751
69421829
77733525
69423658
55697879
47841262
55247262
97042778
48790862
105437642
26881706
70606068
16661276
86108953
70606067
50747301
87548890
16696877
73177181
55697877
85991235
36925724
32968896
26179715
26291258
77958660
23316073
28217860
71211405
25638263
79135306
55625957
55943915
70300932
73914005
69669203
77541537
105045482
92839982
55625962
68919929
100547086
55625959
32693267
73914010
72763279
56035814
70947755
56123235
61616861
77010300
83938819
69188646
60898429
71218913
78716045
77010442
91539723
93403999
56039053
233708
56266479
55625961
55424901
37687177
48330812
69872534
50727515
70947759
61616859
38039660
83766630
15872062
59126649
62416200
69605760
14121019
10278511
77972364
56266486
45255997
44276097
45255994
48115186
56298147
38020535
105183982
72594765
58895624
25983344
63271596
56266491
99561768
90414101
66918908
72554479
86652377
64917782
40109906
83661087
66918905
26881713
53793107
56266492
56266481
70539555
56266485
60838701
38039663
92825893
60158861
91637434
32625872
84142393
56266488
36518158
14330222
1591755
14061304
84514634
1105244
96471948
56844797
16383718
21262624
73374868
54569090
93024410
21509067
96367447
94205493
71872729
89042015
47822656
32692945
92949095
45033962
70606070
16477812
92949096
84445486
47124984
101909264
61074870
89097080
18034470
45007033
67493002
51230986
51503841
86775189
55888396
55888393
33396653
101207297
51368209
74876827
88966449
26902803
100407641
76283722
65756279
41471701
520657
34935201
93897662
88084008
50174041
56035918
71299240
31934074
93450700
51681254
44071473
26281723
61164452
44634193
82470582
37946418
44441639
88581563
26059794
27550107
42924982
37381262
9083967
10168639
136752
59100564
59887439
95936692
46086595
102725694
50770044
46024707
104658
37473073
82976876
54853320
47876231
44841216
51018042
83659160
244724
44876454
27831061
86096038
105093381
31721026
78431323
58021080
79332289
99323453
83363904
87050201
23107242
77313248
86038671
78758747
23107241
47700933
86051082
87097907
23725823
55697874
26660691
69423845
47657004
41209854
26660696
104878226
38396352
86042016
32203933
105094605
84804565
102722824
32968897
104715635
32203492
77312200
32096806
35799227
52241646
6045423
91539729
44020976
17000843
77980270
36351408
20301373
86043184
86715915
37596995
84044339
59761310
86476505
26064000
38396353
44402192
51363967
86146153
76075693
93135122
19499706
94823130
32969314
92715890
54853325
71595125
30326978
16660994
35870233
92050566
93923510
78501497
54853220
88581102
95350042
1586598
48511805
57722066
93542913
53849886
29263346
95782165
50749251
50602118
219220
72832171
101299217
84857274
94471700
101063604
50765548
95730326
98769946
5685644
104178937
66746932
42993665
101056636
99062946
91007712
95782166
102427521
55081732
74889411
50633258
35870232
74158555
14356150
7580262
70361447
47593098
63771505
8742809
6652162
82830782
83837601
8374597
83245235
64637290
62507512
32622111
43545610
63281519
62507922
37502090
37730688
93295877
28616602
40329398
85991253
40329399
75271755
36410065
25182448
105251734
51575405
14184550
79675131
27974652
100882711
43921115
85991290
35190655
85991260
26912496
44375834
39019863
63604739
5691877
49867916
93522589
91526374
95755830
98485492
79675130
50562216
67345695
26633738
94378693
47103386
85991251
96168330
83172213
95829332
56288424
77325517
96779518
96168331
95829015
95829333
97571150
83791043
93439165
91691584
73914008
58155727
56435695
64919263
53894959
77325515
98783490
54853429
58691988
44958017
86033916
96506477
103108667
83791058
58155730
53088199
88568874
29082964
505260
86442427
48612133
75266060
58259174
28116050
39361792
90623910
89773663
79326502
29267915
44441642
50602143
47903834
50248087
51853629
52426880
87635208
90218318
73133346
24173687
18757219
84880197
70606181
49559807
50727511
39959086
47882235
70947761
87705529
95464503
50727512
36925179
48891587
77277594
47465205
36351481
19293334
95730132
91804835
9654210
71219018
74562307
12130511
35947674
51503842
89393401
74946911
27063703
35615236
52599799
70596467
93545630
48891589
94719154
60717571
520769
41769977
32970040
75376644
43441195
91804841
98370802
17535764
94781169
40742692
58114022
43324552
51368216
96742962
26081757
78222438
93243216
37016615
67670357
37210624
51368215
50284776
51131176
37163360
57176149
34665634
88398715
87128492
51130460
233952
79798754
274415
30375569
50625334
96230119
37016614
88754541
53830214
13314624
32970045
89678121
12846273
93450725
15318100
50625335
77963078
85210740
31189626
96742667
95340111
31352452
87598973
1250954
103651885
97456023
65769362
92032565
45170635
60721772
57454921
58150249
54982763
78317118
78709482
89678122
44124354
37016616
50967693
96828689
92744823
92747383
92703132
92703445
92703438
96341549
94162475
96719331
92747382
95738903
92048064
82622342
92744997
96142064
93476778
98735738
91934366
83154096
92244226
81760448
94978997
92796373
93573383
101232826
92703437
92048063
95694362
93620486
92918385
104776909
93505103
92032790
93546565
93290569
94287434
93545390
93171674
93505102
92336404
104776907
92032789
94669226
102004703
97692058
93290573
92977800
75221375
100758355
92244223
94061736
94317467
89650906
56113974
94061735
93171654
93805906
94985802
100012787
89651258
85879685
60248056
81812965
96610889
91148842
60248058
87556983
98815791
76130078
52083551
93231508
92122136
47074782
65972
52069840
11380153
96610888
66258623
93700081
46368963
61132857
76029946
80444467
60620408
64646355
28765808
69222994
59019437
47154493
56928260
95338807
48611584
92120767
42636099
86096045
80448013
79785403
95308230
73914616
100780340
43736884
44343650
44277414
39385770
33217913
87884386
69222995
53288965
59925264
76289350
73880390
98817423
88590413
67676118
44805366
53726025
46596677
63099211
74079226
48382868
31264376
91026775
32120711
37957989
31145991
62878853
37685792
44805342
38015412
47365752
53288966
30390154
92167283
4376119
26634351
34237543
47154491
43518695
57604412
87635222
92374795
31289907
58028955
48030712
86555449
90336816
79497676
27623526
79345438
25152303
35021721
69871730
42148660
51137724
99104992
93757765
96134834
52404834
104835521
99146304
93524488
103356025
96064247
102459796
97847836
96221119
90654635
92321420
99288634
105095645
91776232
93524491
86467784
47044569
85308957
88072703
96964384
96861968
58189690
97529509
83815637
97535119
50656708
67590377
40778582
99347332
104572148
44223611
90448370
87315889
66893958
87009101
51499287
65147308
80918177
92273243
44802850
101841138
87009105
83444023
96343161
48630208
96798189
87778922
52544279
96961305
85005812
92125650
84716028
93410487
84507181
103013246
96862643
94071098
93500863
88308282
93410503
87934734
96815831
52874995
97074025
85933424
93450342
91616444
99497015
96815834
96862654
68305886
91492431
98602667
96815836
95916904
93450343
95401142
71889526
73898308
99275839
51581716
85646705
56643040
91737450
62139041
47666191
62139042
83906747
84142446
82915592
73813858
77854719
44279952
62022538
83906746
92035
92595309
91869341
84142448
91651030
25737050
80888533
49569215
52043854
87125038
45771024
48111326
59606137
60894912
66429057
47184267
65147927
45771023
78720430
71151086
55196398
64810236
76032862
52177631
94287793
46053168
64961008
43168770
76681003
46053166
64808698
94287797
52043852
40091553
64960593
76032859
